0 plastique 300 420
1 verre 200 432
2 verre 1100 60
3 plastique 1400 52
4 pin 1800 720
5 pin 1800 513
6 pin 100 601
7 verre 200 597
8 verre 500 278
9 pin 200 242
10 plastique 2600 443
11 acier 2500 415
12 chene 700 884
13 chene 400 511
14 plastique 2800 513
15 verre 1800 508
16 verre 200 760
17 plastique 1500 1039
18 plastique 2400 983
19 plastique 1000 645
20 plastique 1500 628
21 acier 2400 579
22 pin 200 255
23 acier 2200 113
24 verre 2900 917
25 verre 1400 583
26 chene 800 989
27 chene 1300 1013
28 plastique 100 772
29 pin 600 787
30 acier 100 213
31 pin 600 197
32 chene 400 583
33 plastique 1100 462
34 chene 2300 441
35 verre 1700 431
36 carton 1600 702
37 acier 1900 624
38 plastique 4000 146
39 pin 600 309
40 verre 300 667
41 acier 1300 502
42 acier 2700 497
43 carton 800 526
44 plastique 1500 559
45 carton 3800 557
46 carton 2800 1018
47 acier 600 1005
48 plastique 500 305
49 plastique 800 258
50 plastique 600 256
51 acier 2200 769
52 chene 900 504
53 carton 900 509
54 acier 1800 129
55 plastique 3200 113
56 carton 2200 687
57 chene 2800 271
58 plastique 1100 203
59 verre 200 171
60 acier 2000 219
61 verre 200 423
62 pin 1400 638
63 chene 1100 55
64 plastique 1100 894
65 carton 700 1074
66 plastique 3100 1058
67 acier 700 1053
68 chene 600 201
69 acier 1500 391
70 carton 200 15
71 carton 200 475
72 acier 1300 661
73 chene 1000 455
74 plastique 700 532
75 carton 400 329
76 carton 1100 670
77 pin 900 970
78 plastique 1100 126
79 pin 2300 104
80 verre 1100 941
81 acier 900 935
82 carton 900 727
83 chene 1800 724
84 pin 800 619
85 pin 2800 597
86 carton 1000 601
87 verre 3300 1055
88 pin 3500 1054
89 pin 3200 412
90 plastique 1600 403
91 acier 800 787
92 chene 200 776
93 verre 1800 718
94 plastique 800 693
95 carton 2700 855
96 pin 600 881
97 acier 400 143
98 plastique 700 794
99 plastique 800 797
100 chene 200 826
101 pin 4000 687
102 pin 1800 985
103 chene 700 1023
104 acier 100 1001
105 plastique 1100 475
106 plastique 1700 485
107 carton 800 459
108 plastique 300 273
109 pin 1200 776
110 chene 3700 195
111 acier 300 46
112 verre 600 50
113 verre 1800 371
114 carton 1200 377
115 acier 200 972
116 acier 2200 634
117 carton 100 641
118 chene 1000 270
119 chene 2400 162
120 verre 2700 183
121 verre 200 492
122 carton 300 496
123 acier 300 505
124 plastique 800 596
125 pin 2000 270
126 carton 2600 819
127 verre 800 668
128 plastique 700 187
129 chene 700 190
130 chene 2700 64
131 plastique 2400 102
132 carton 200 713
133 chene 100 60
134 pin 200 42
135 acier 1100 887
136 pin 1700 918
137 acier 1400 910
138 verre 1900 507
139 carton 3200 1007
140 pin 900 343
141 carton 2200 342
142 verre 1900 354
143 carton 1000 311
144 plastique 500 779
145 chene 3000 787
146 pin 1300 801
147 chene 1000 97
148 carton 1900 475
149 carton 4500 501
150 pin 800 510
151 pin 200 696
152 pin 1100 676
153 acier 1100 815
154 carton 1900 806
155 verre 800 814
156 carton 3600 219
157 pin 3800 214
158 chene 700 677
159 plastique 800 647
160 plastique 400 660
161 chene 900 435
162 acier 400 291
163 verre 1400 302
164 chene 700 305
165 verre 900 750
166 chene 500 435
167 chene 100 452
168 pin 900 890
169 pin 900 192
170 verre 3700 1070
171 carton 3700 1052
172 acier 900 1062
173 chene 3700 845
174 plastique 1500 868
175 acier 1900 760
176 chene 2100 719
177 plastique 1500 714
178 acier 3500 986
179 chene 700 719
180 verre 3900 874
181 verre 400 914
182 verre 2200 906
183 pin 2400 829
184 acier 2400 822
185 chene 1400 785
186 pin 2500 614
187 pin 1000 598
188 plastique 1400 185
189 chene 100 468
190 plastique 200 436
191 plastique 300 762
192 pin 1200 536
193 acier 500 420
194 chene 1100 392
195 plastique 600 421
196 pin 1900 384
197 chene 1300 379
198 plastique 3900 88
199 pin 500 875
200 verre 100 650
201 verre 400 411
202 carton 800 862
203 chene 2000 861
204 pin 2600 827
205 verre 800 538
206 acier 300 697
207 pin 500 233
208 plastique 1200 477
209 pin 800 503
210 pin 300 501
211 carton 1000 580
212 plastique 3600 913
213 pin 1800 981
214 pin 300 494
215 carton 2700 960
216 verre 100 350
217 plastique 3100 751
218 pin 3000 764
219 carton 600 462
220 carton 300 322
221 pin 2300 647
222 plastique 400 482
223 plastique 3200 501
224 acier 2800 484
225 plastique 600 247
226 plastique 3000 432
227 verre 1700 421
228 verre 1800 520
229 carton 600 280
230 chene 2800 324
231 plastique 1100 352
232 chene 500 512
233 carton 800 888
234 plastique 1200 918
235 plastique 1900 726
236 verre 2700 286
237 acier 2800 496
238 pin 1400 501
239 verre 400 34
240 plastique 300 110
241 carton 1100 103
242 plastique 700 788
243 chene 400 799
244 verre 2700 66
245 pin 2600 89
246 pin 1300 77
247 chene 4300 247
248 verre 700 693
249 carton 400 589
250 acier 800 596
251 acier 1900 918
252 verre 800 687
253 chene 900 429
254 verre 300 880
255 plastique 200 883
256 carton 1000 1027
257 pin 1200 816
258 verre 2100 808
259 chene 700 825
260 pin 400 40
261 verre 100 947
262 chene 3200 817
263 verre 2200 821
264 chene 1500 823
265 pin 1500 668
266 chene 400 655
267 chene 1600 710
268 plastique 500 730
269 chene 800 64
270 chene 1300 937
271 verre 300 935
272 pin 2200 708
273 acier 800 372
274 pin 600 102
275 plastique 2100 136
276 pin 1800 130
277 verre 3000 116
278 carton 400 559
279 verre 700 614
280 chene 500 678
281 plastique 100 203
282 plastique 300 231
283 acier 200 231
284 carton 600 133
285 acier 2800 402
286 verre 1900 490
287 acier 700 744
288 carton 4300 744
289 acier 1900 788
290 carton 1000 122
291 pin 1500 872
292 carton 300 217
293 verre 400 226
294 verre 600 253
295 plastique 700 222
296 verre 700 165
297 pin 2000 381
298 verre 100 879
299 acier 1900 730
300 chene 2000 738
301 plastique 300 43
302 chene 1200 302
303 chene 900 343
304 chene 1500 334
305 chene 1200 409
306 pin 1200 355
307 verre 200 372
308 pin 500 877
309 verre 1700 876
310 verre 800 895
311 carton 600 199
312 verre 1400 540
313 pin 2800 494
314 verre 2700 849
315 chene 3200 1033
316 plastique 500 156
317 carton 200 370
318 carton 300 351
319 carton 2800 558
320 pin 2200 649
321 plastique 2400 675
322 pin 300 671
323 verre 200 298
324 carton 500 345
325 verre 500 371
326 acier 900 418
327 verre 2400 431
328 verre 2800 219
329 plastique 3500 403
330 carton 2200 422
331 pin 2400 409
332 acier 3500 725
333 acier 2500 690
334 carton 2700 315
335 acier 1400 304
336 verre 1100 341
337 plastique 400 876
338 plastique 800 749
339 chene 2200 637
340 acier 800 1016
341 chene 1300 973
342 acier 1000 1000
343 acier 600 980
344 plastique 1300 208
345 verre 2200 476
346 plastique 1600 588
347 carton 1300 580
348 carton 700 991
349 plastique 1000 993
350 acier 300 483
351 pin 100 1037
352 acier 200 506
353 verre 500 499
354 pin 1000 946
355 pin 1400 619
356 carton 2100 600
357 carton 1500 335
358 chene 1100 700
359 plastique 3600 285
360 chene 1100 243
361 carton 2900 253
362 acier 1300 261
363 acier 500 987
364 pin 2200 1052
365 verre 1800 1061
366 acier 500 647
367 chene 1000 691
368 chene 900 656
369 pin 1400 156
370 pin 100 1027
371 chene 100 212
372 chene 100 225
373 chene 300 523
374 verre 3200 691
375 verre 2200 678
376 chene 2000 751
377 chene 2000 731
378 verre 500 119
379 verre 900 946
380 verre 900 923
381 verre 2000 777
382 plastique 1300 848
383 acier 900 880
384 carton 1500 898
385 carton 1500 895
386 carton 4500 207
387 pin 3000 905
388 acier 3300 946
389 plastique 2400 944
390 pin 1600 951
391 acier 600 1003
392 pin 3100 588
393 chene 700 565
394 verre 4100 838
395 acier 700 826
396 plastique 2400 920
397 pin 1700 918
398 verre 4600 930
399 acier 3600 172
400 carton 1700 1003
401 acier 1300 575
402 acier 700 580
403 carton 2700 1002
404 acier 300 988
405 acier 300 546
406 acier 1400 536
407 verre 2700 434
408 chene 2200 762
409 carton 1200 760
410 verre 3800 720
411 pin 2700 243
412 plastique 2500 245
413 acier 2600 692
414 plastique 700 914
415 verre 1800 114
416 chene 300 92
417 plastique 2600 72
418 pin 2300 81
419 verre 2300 82
420 pin 1700 768
421 carton 300 759
422 acier 500 1035
423 carton 2900 1024
424 verre 200 282
425 verre 100 240
426 verre 100 257
427 acier 800 555
428 plastique 2400 949
429 acier 4000 118
430 pin 800 496
431 acier 800 467
432 pin 700 974
433 carton 100 481
434 plastique 1400 733
435 pin 1100 761
436 pin 200 428
437 carton 900 1008
438 plastique 2100 1013
439 pin 1200 504
440 carton 500 498
441 carton 300 661
442 verre 700 670
443 carton 1100 832
444 carton 500 217
445 chene 1300 73
446 pin 1400 625
447 acier 2300 805
448 verre 1000 975
449 verre 2500 653
450 acier 300 153
451 plastique 3600 577
452 pin 2100 576
453 verre 600 535
454 verre 1400 501
455 chene 600 550
456 verre 700 211
457 plastique 2700 433
458 acier 100 407
459 plastique 100 126
460 plastique 2700 568
461 acier 2600 542
462 carton 2800 545
463 verre 4200 354
464 pin 2500 391
465 pin 1800 671
466 verre 1300 629
467 chene 1800 663
468 plastique 500 446
469 carton 700 358
470 verre 800 346
471 verre 200 345
472 plastique 900 242
473 acier 3700 265
474 pin 3200 126
475 plastique 1800 123
476 acier 200 378
477 acier 3600 119
478 verre 1500 122
479 verre 300 730
480 acier 600 84
481 chene 700 117
482 plastique 2600 162
483 plastique 2700 568
484 pin 2700 556
485 plastique 900 757
486 acier 100 589
487 acier 1500 439
488 plastique 1800 438
489 carton 3700 1036
490 acier 1900 1044
491 chene 1900 806
492 carton 100 949
493 acier 300 971
494 carton 400 978
495 verre 1100 838
496 carton 800 822
497 acier 1000 797
498 carton 1900 994
499 acier 2200 962
500 verre 1600 221
501 pin 1200 796
502 verre 3200 798
503 carton 3900 837
504 acier 2500 816
505 chene 900 361
506 verre 2900 931
507 chene 1300 972
508 pin 300 58
509 pin 1100 1035
510 verre 2700 687
511 plastique 500 520
512 chene 1900 396
513 verre 700 276
514 pin 700 291
515 pin 700 895
516 carton 1600 863
517 plastique 2100 868
518 acier 1200 702
519 verre 100 719
520 pin 700 278
521 pin 300 242
522 carton 600 694
523 chene 3300 572
524 carton 2600 608
525 plastique 4000 575
526 chene 1100 386
527 pin 300 739
528 pin 1100 713
529 carton 1300 704
530 pin 800 1010
531 acier 2000 335
532 carton 3300 507
533 pin 300 522
534 plastique 300 417
535 verre 600 398
536 verre 3300 226
537 verre 2000 593
538 chene 1000 648
539 carton 3300 623
540 verre 2800 908
541 acier 200 57
542 acier 700 93
543 plastique 1400 396
544 chene 300 176
545 chene 3600 371
546 pin 300 855
547 pin 100 834
548 verre 1900 234
549 acier 2000 231
550 plastique 200 936
551 plastique 200 898
552 carton 100 900
553 acier 400 261
554 pin 800 272
555 pin 700 222
556 acier 900 109
557 plastique 300 151
558 plastique 400 295
559 pin 200 981
560 verre 1100 143
561 acier 3800 312
562 verre 500 795
563 carton 700 773
564 chene 100 979
565 verre 1200 429
566 pin 2500 417
567 plastique 200 1051
568 pin 200 1029
569 verre 200 1027
570 chene 600 1030
571 carton 100 419
572 pin 900 677
573 acier 700 669
574 acier 600 1070
575 acier 3000 434
576 acier 400 431
577 pin 300 431
578 pin 3600 772
579 carton 300 607
580 carton 2200 666
581 carton 100 392
582 verre 1700 891
583 pin 900 812
584 acier 2300 802
585 pin 1400 385
586 plastique 200 768
587 verre 700 791
588 plastique 300 783
589 verre 3200 535
590 carton 1100 723
591 acier 500 710
592 chene 500 390
593 verre 700 312
594 chene 4500 1002
595 acier 200 323
596 carton 2000 327
597 chene 3700 749
598 pin 600 837
599 carton 1800 836
600 pin 500 479
601 carton 900 930
602 carton 1000 937
603 carton 2000 386
604 verre 1800 387
605 chene 700 237
606 plastique 2500 1021
607 carton 1000 431
608 carton 600 433
609 plastique 600 133
610 acier 400 575
611 chene 1100 794
612 pin 1100 70
613 pin 300 58
614 plastique 700 72
615 plastique 400 222
616 plastique 1100 98
617 acier 1200 90
618 carton 3700 252
619 pin 800 245
620 pin 900 255
621 carton 600 234
622 carton 3400 553
623 carton 3800 551
624 chene 100 920
625 chene 2100 846
626 carton 1900 838
627 chene 900 979
628 pin 2700 658
629 pin 1600 537
630 chene 800 163
631 carton 2400 136
632 pin 2400 178
633 verre 1000 881
634 verre 100 889
635 chene 300 795
636 plastique 300 833
637 plastique 800 58
638 chene 1700 312
639 chene 3900 751
640 verre 2400 343
641 plastique 100 301
642 verre 1200 327
643 plastique 1400 649
644 pin 200 50
645 chene 400 819
646 chene 800 1041
647 acier 1400 1010
648 acier 2300 948
649 verre 100 1057
650 acier 400 357
651 carton 700 370
652 carton 500 602
653 plastique 900 452
654 acier 200 568
655 plastique 2400 401
656 chene 3200 395
657 verre 4600 699
658 plastique 200 829
659 verre 700 214
660 carton 2200 71
661 acier 2800 1073
662 carton 1800 1046
663 pin 2600 1045
664 plastique 500 339
665 carton 600 794
666 pin 2400 124
667 acier 800 41
668 verre 500 49
669 carton 2500 50
670 pin 500 957
671 pin 500 961
672 plastique 700 532
673 plastique 2000 505
674 verre 3400 468
675 pin 1400 782
676 verre 2600 788
677 acier 800 785
678 plastique 600 418
679 acier 1000 423
680 acier 600 409
681 pin 900 298
682 plastique 200 496
683 chene 400 950
684 pin 1200 955
685 pin 100 159
686 verre 200 170
687 plastique 400 874
688 pin 400 883
689 verre 4300 322
690 plastique 1900 354
691 pin 1800 586
692 carton 1700 304
693 pin 1600 751
694 acier 1200 767
695 carton 1000 313
696 acier 1600 291
697 chene 1800 289
698 plastique 2300 342
699 pin 1300 338
700 plastique 300 753
701 carton 300 227
702 carton 1500 878
703 verre 400 857
704 verre 1300 863
705 plastique 700 943
706 pin 2300 810
707 chene 700 278
708 carton 600 278
709 chene 500 255
710 verre 800 631
711 chene 300 441
712 chene 1400 434
713 acier 1800 553
714 plastique 100 499
715 pin 200 471
716 acier 900 208
717 pin 3200 136
718 pin 4200 105
719 chene 2700 639
720 acier 600 660
721 carton 800 754
722 chene 1400 736
723 carton 2300 893
724 plastique 3000 866
725 chene 1000 182
726 chene 700 898
727 plastique 1800 144
728 verre 2200 158
729 verre 400 132
730 acier 100 136
731 carton 2200 783
732 acier 400 787
733 carton 1200 59
734 chene 3100 827
735 chene 1500 827
736 carton 1600 703
737 plastique 300 305
738 plastique 300 213
739 chene 400 465
740 plastique 800 483
741 chene 3300 722
742 pin 3100 957
743 verre 1000 977
744 pin 1100 990
745 plastique 1500 627
746 acier 2200 189
747 plastique 2600 179
748 pin 2400 595
749 verre 2300 623
750 acier 400 464
751 plastique 2800 406
752 verre 4400 443