0 carton 300 1388
1 acier 300 715
2 carton 900 704
3 carton 1600 492
4 pin 2500 1878
5 plastique 2000 307
6 verre 2000 329
7 verre 700 1802
8 plastique 700 1825
9 verre 700 1848
10 pin 700 1822
11 pin 300 1837
12 plastique 4200 459
13 chene 2600 1559
14 plastique 500 1579
15 acier 100 1588
16 pin 2900 256
17 plastique 2400 273
18 carton 2100 1246
19 chene 500 1249
20 plastique 1600 1238
21 pin 2800 30
22 chene 2900 65
23 verre 400 163
24 pin 800 183
25 chene 900 172
26 pin 2900 1284
27 chene 300 1901
28 chene 2600 1295
29 acier 1000 2011
30 pin 2900 2036
31 plastique 1500 1550
32 plastique 600 948
33 pin 500 757
34 carton 500 728
35 pin 2100 1910
36 verre 1400 979
37 plastique 1900 1658
38 verre 2100 1622
39 plastique 200 920
40 acier 200 1778
41 plastique 800 72
42 carton 700 52
43 acier 800 86
44 carton 400 835
45 plastique 2200 1305
46 chene 2100 1179
47 carton 2300 1161
48 acier 2800 1169
49 chene 3500 260
50 plastique 500 1812
51 verre 2600 1782
52 verre 100 1326
53 verre 1200 690
54 chene 1900 727
55 verre 2000 1983
56 acier 400 1201
57 acier 800 1185
58 acier 700 1167
59 acier 700 724
60 pin 400 184
61 carton 1500 194
62 chene 700 321
63 chene 600 761
64 acier 4700 1163
65 pin 4300 1105
66 pin 200 208
67 pin 200 247
68 pin 700 1425
69 plastique 400 1405
70 plastique 2200 1066
71 verre 3300 444
72 carton 4200 1508
73 pin 4000 1528
74 chene 1700 273
75 acier 900 261
76 carton 600 272
77 pin 1900 176
78 chene 2900 1420
79 plastique 2000 1413
80 acier 600 1575
81 acier 1200 1997
82 pin 1400 2009
83 plastique 1100 1970
84 acier 1300 1122
85 verre 1700 1116
86 pin 2200 667
87 plastique 2300 1111
88 verre 400 2130
89 verre 2100 1589
90 carton 1100 1577
91 verre 1600 1594
92 chene 300 113
93 plastique 3600 339
94 pin 4700 354
95 acier 2500 2052
96 plastique 1100 2063
97 carton 2600 631
98 chene 2200 632
99 plastique 2500 1110
100 verre 1800 202
101 verre 200 1623
102 carton 100 1717
103 pin 500 1016
104 chene 300 1182
105 carton 2700 1431
106 acier 900 1426
107 chene 200 950
108 carton 2200 2077
109 acier 900 2074
110 acier 1100 2082
111 carton 1700 1453
112 plastique 400 1541
113 carton 3000 1682
114 pin 100 1721
115 chene 3000 1751
116 pin 400 654
117 acier 800 614
118 carton 400 386
119 carton 200 383
120 verre 500 1572
121 acier 800 2070
122 chene 900 2098
123 acier 3800 1463
124 verre 1400 63
125 acier 1600 1981
126 pin 700 98
127 carton 1700 847
128 acier 500 164
129 carton 300 158
130 acier 1600 57
131 verre 700 12
132 chene 3100 10
133 chene 400 1357
134 plastique 100 1350
135 verre 400 1750
136 carton 400 1431
137 carton 900 1703
138 carton 800 1239
139 plastique 300 1845
140 acier 300 922
141 plastique 900 939
142 acier 700 904
143 chene 2500 1248
144 acier 100 1251
145 plastique 900 801
146 plastique 500 1104
147 acier 1100 1021
148 acier 800 1527
149 verre 800 1817
150 plastique 3500 1824
151 carton 2900 2052
152 verre 4300 1807
153 plastique 500 1797
154 carton 200 1550
155 acier 200 1322
156 plastique 1000 1936
157 pin 1000 1930
158 plastique 1300 1947
159 acier 600 165
160 plastique 2200 1110
161 plastique 600 927
162 acier 500 925
163 acier 1000 881
164 acier 1100 1800
165 plastique 100 199
166 acier 100 175
167 plastique 2200 1473
168 plastique 1500 1512
169 pin 1300 1506
170 pin 1500 373
171 plastique 700 388
172 plastique 1100 1432
173 acier 3400 651
174 plastique 100 1102
175 carton 2900 477
176 carton 1400 488
177 verre 400 229
178 carton 300 203
179 verre 1000 1102
180 plastique 800 1087
181 verre 900 1095
182 plastique 1900 1569
183 plastique 3500 1571
184 acier 100 1625
185 acier 800 1596
186 carton 3100 497
187 plastique 900 523
188 carton 100 854
189 chene 1900 1554
190 chene 400 1863
191 verre 200 858
192 carton 200 849
193 chene 1700 919
194 carton 600 1412
195 carton 400 1444
196 carton 1300 1747
197 plastique 2300 136
198 plastique 2800 130
199 chene 900 618
200 acier 2300 1234
201 chene 2400 1241
202 acier 1100 1238
203 plastique 200 1371
204 plastique 400 1411
205 pin 1400 1796
206 carton 1400 1779
207 verre 2800 1767
208 plastique 1400 1214
209 acier 2100 1631
210 chene 1000 103
211 acier 800 125
212 verre 100 145
213 carton 900 595
214 pin 1300 590
215 plastique 1400 608
216 acier 500 1133
217 carton 400 1096
218 plastique 500 1102
219 verre 1400 1399
220 pin 800 1406
221 carton 300 820
222 plastique 500 826
223 pin 1500 786
224 verre 1400 776
225 verre 500 1339
226 verre 4100 1310
227 pin 1800 1677
228 verre 400 166
229 carton 1700 1012
230 chene 900 1031
231 acier 500 1009
232 verre 800 1045
233 plastique 500 1701
234 pin 800 1717
235 plastique 1000 1699
236 carton 1200 1424
237 acier 4500 1418
238 plastique 2300 1809
239 pin 1800 1332
240 plastique 1600 129
241 carton 500 128
242 pin 1400 107
243 pin 3500 1148
244 plastique 1000 1000
245 verre 200 1005
246 plastique 700 2074
247 chene 1600 1923
248 chene 600 1895
249 verre 1800 1902
250 acier 400 1967
251 acier 2100 387
252 verre 700 1147
253 carton 900 1186
254 chene 300 1156
255 chene 3700 1989
256 verre 3600 1117
257 chene 3600 1315
258 chene 400 1302
259 chene 200 851
260 plastique 100 36
261 chene 800 17
262 chene 300 364
263 pin 1100 548
264 chene 500 1392
265 pin 700 367
266 pin 1900 221
267 verre 500 195
268 pin 1300 1282
269 acier 700 1821
270 acier 2400 1138
271 verre 2400 1124
272 carton 500 1366
273 chene 1900 2073
274 plastique 3800 779
275 pin 3800 772
276 acier 900 232
277 verre 500 387
278 plastique 900 420
279 verre 500 419
280 carton 2400 1579
281 carton 1800 1634
282 plastique 1900 423
283 acier 600 407
284 acier 600 421
285 acier 600 191
286 chene 2600 2030
287 chene 1400 138
288 verre 900 171
289 pin 900 149
290 pin 600 257
291 plastique 500 425
292 verre 3000 621
293 acier 2400 355
294 carton 500 1974
295 chene 1900 1431
296 acier 1200 1538
297 plastique 700 395
298 plastique 3800 2134
299 carton 1200 274
300 plastique 2900 1700
301 plastique 100 1255
302 carton 1200 447
303 pin 1600 1564
304 plastique 300 170
305 chene 3200 1475
306 carton 1300 1445
307 plastique 2700 1456
308 carton 1000 929
309 carton 600 964
310 pin 700 957
311 chene 300 336
312 acier 4300 611
313 acier 500 1982
314 pin 500 1172
315 acier 500 1219
316 plastique 1000 1206
317 plastique 2400 944
318 verre 400 1460
319 pin 100 2060
320 pin 900 2067
321 chene 700 2063
322 pin 300 1285
323 verre 1400 1991
324 chene 4400 2017
325 carton 2100 374
326 verre 700 832
327 verre 2500 808
328 plastique 1700 1322
329 verre 3200 493
330 pin 100 310
331 verre 200 326
332 carton 300 323
333 chene 1200 2101
334 acier 300 1993
335 plastique 900 2001
336 plastique 300 1047
337 verre 200 578
338 pin 400 568
339 carton 4400 600
340 chene 300 495
341 carton 200 517
342 chene 300 1013
343 chene 1500 1993
344 carton 300 1504
345 pin 600 1502
346 acier 300 81
347 pin 200 107
348 acier 4200 600
349 acier 1000 575
350 pin 1000 844
351 acier 1100 867
352 verre 2900 171
353 plastique 3000 169
354 plastique 700 170
355 pin 1400 195
356 chene 2000 1147
357 plastique 4000 1086
358 chene 3200 1124
359 carton 1200 775
360 carton 400 805
361 plastique 1400 186
362 plastique 1900 189
363 pin 300 1043
364 pin 300 756
365 carton 2700 769
366 acier 2400 776
367 acier 3400 163
368 acier 2100 1265
369 verre 3500 71
370 acier 600 1205
371 acier 1800 1162
372 acier 2200 1182
373 carton 2200 771
374 carton 2000 785
375 chene 3100 776
376 acier 2300 1015
377 pin 800 1189
378 pin 700 468
379 verre 3600 341
380 chene 900 1807
381 pin 1200 1374
382 acier 1200 1895
383 verre 900 198
384 plastique 1000 163
385 acier 800 186
386 verre 900 1357
387 verre 1500 372
388 pin 100 1139
389 acier 3000 1126
390 plastique 1400 1112
391 carton 100 1772
392 chene 2400 1163
393 acier 2200 1134
394 acier 400 396
395 carton 1200 938
396 plastique 600 203
397 acier 3000 1711
398 pin 3000 1701
399 chene 800 1833
400 plastique 200 1774
401 acier 1200 88
402 chene 200 90
403 verre 1000 58
404 pin 500 2069
405 plastique 500 2065
406 acier 600 2067
407 acier 3700 858
408 plastique 200 1788
409 carton 300 336
410 carton 100 302
411 verre 800 976
412 plastique 400 936
413 chene 400 949
414 pin 1700 1879
415 chene 400 489
416 plastique 2100 497
417 plastique 1100 1404
418 plastique 2100 1446
419 chene 700 150
420 carton 600 168
421 carton 400 178
422 chene 3800 703
423 pin 200 1353
424 acier 100 1365
425 chene 1900 432
426 acier 600 78
427 chene 300 2083
428 pin 200 2094
429 plastique 4000 654
430 acier 700 511
431 chene 400 471
432 verre 700 335
433 plastique 1300 345
434 acier 400 341
435 plastique 700 151
436 pin 100 196
437 verre 1300 808
438 chene 500 1188
439 plastique 1800 1867
440 verre 400 276
441 chene 400 2013
442 carton 2100 281
443 chene 1500 295
444 acier 2300 1779
445 chene 800 1808
446 plastique 3800 91
447 chene 1300 196
448 chene 1200 660
449 chene 400 1174
450 chene 2100 1191
451 carton 1700 1998
452 pin 2000 2000
453 verre 2700 936
454 pin 1300 924
455 verre 3100 905
456 plastique 3600 1781
457 chene 900 549
458 pin 3600 2070
459 plastique 1200 531
460 pin 4500 532
461 carton 100 939
462 chene 500 171
463 chene 1400 124
464 carton 1300 899
465 plastique 400 1933
466 plastique 200 1933
467 chene 300 1937
468 pin 2300 1823
469 acier 2100 1811
470 carton 2300 379
471 chene 200 522
472 chene 700 1304
473 acier 700 1882
474 plastique 1300 1887
475 verre 400 1875
476 chene 100 1195
477 pin 100 1197
478 chene 300 1851
479 verre 1400 574
480 verre 300 574
481 pin 2200 549
482 acier 1900 1609
483 plastique 1700 1612
484 plastique 1100 1613
485 verre 700 289
486 carton 1500 1810
487 chene 900 430
488 verre 500 387
489 plastique 200 426
490 carton 200 1785
491 chene 900 131
492 verre 500 1555
493 verre 1000 1565
494 pin 2200 2089
495 pin 2900 2064
496 chene 300 628
497 verre 2300 1311
498 plastique 200 841
499 verre 300 883
500 chene 700 579
501 chene 1700 1390
502 plastique 1600 1350
503 plastique 2000 1398
504 chene 2100 807
505 plastique 700 795
506 pin 700 103
507 verre 1200 382
508 chene 100 1995
509 verre 900 1678
510 acier 300 1636
511 carton 1200 1959
512 chene 300 1960
513 acier 3300 1055
514 acier 2300 443
515 verre 900 411
516 carton 200 716
517 acier 1500 446
518 pin 800 108
519 chene 700 71
520 verre 500 1876
521 plastique 600 1528
522 plastique 500 1343
523 chene 3200 967
524 chene 2700 1433
525 verre 1300 1454
526 pin 800 1434
527 carton 100 737
528 chene 100 727
529 carton 300 714
530 acier 300 1403
531 plastique 2200 1414
532 plastique 200 659
533 pin 2700 414
534 plastique 3600 429
535 pin 3200 421
536 acier 800 637
537 plastique 100 1164
538 plastique 2100 1530
539 chene 1200 1526
540 pin 1100 1177
541 verre 2000 1174
542 chene 300 1294
543 carton 200 1293
544 pin 2200 1239
545 carton 1000 1220
546 verre 800 1259
547 acier 200 265
548 plastique 400 1200
549 pin 600 1170
550 chene 700 963
551 plastique 2100 1975
552 verre 4100 1979
553 verre 900 1195
554 chene 3700 28
555 verre 1400 1603
556 chene 1500 1586
557 chene 600 1377
558 chene 400 256
559 acier 2200 1920
560 verre 1600 1622
561 chene 3500 1638
562 pin 400 638
563 chene 600 663
564 plastique 2500 27
565 chene 3200 2013
566 chene 1200 2036
567 chene 700 44
568 pin 200 1746
569 verre 500 1114
570 plastique 200 1142
571 acier 600 1097
572 verre 300 2050
573 plastique 1200 999
574 plastique 700 1037
575 acier 1300 1991
576 verre 300 1997
577 pin 1100 2021
578 chene 2300 1968
579 acier 2600 1986
580 acier 1100 1961
581 plastique 2300 1582
582 pin 4100 1438
583 chene 300 2107
584 acier 700 1270
585 chene 2700 1244
586 verre 2300 1475
587 verre 1500 357
588 verre 2400 640
589 plastique 700 1545
590 plastique 200 155
591 chene 300 1260
592 chene 1700 1246
593 acier 1500 1605
594 verre 2500 2014
595 acier 800 587
596 pin 1700 1849
597 plastique 700 429
598 chene 2400 411
599 pin 2300 406
600 verre 1200 1165
601 acier 300 657
602 carton 1000 59
603 acier 400 66
604 plastique 3000 2123
605 chene 500 2082
606 acier 400 1068
607 pin 1600 764
608 plastique 3200 802
609 acier 2600 769
610 acier 1400 782
611 plastique 3500 784
612 acier 600 1112
613 chene 300 1140
614 pin 500 1121
615 acier 400 128
616 verre 100 1691
617 verre 700 1308
618 chene 200 477
619 plastique 600 464
620 plastique 900 1918
621 acier 1100 1475
622 carton 400 1461
623 pin 300 1465
624 pin 2700 1241
625 acier 2200 1936
626 plastique 500 476
627 chene 300 1935
628 chene 400 412
629 verre 1400 412
630 acier 200 413
631 plastique 300 926
632 acier 300 935
633 chene 3900 1841
634 plastique 200 851
635 carton 2100 1286
636 carton 1300 1323
637 plastique 600 1304
638 carton 700 1302
639 acier 1100 1738
640 verre 300 1745
641 verre 100 1808
642 verre 1500 637
643 pin 1900 1970
644 verre 1100 1958
645 plastique 2100 1962
646 pin 200 1972
647 chene 300 1980
648 acier 200 1957
649 plastique 100 1515
650 verre 2900 435
651 plastique 400 1729
652 plastique 200 1717
653 verre 800 788
654 chene 1400 820
655 verre 3300 963
656 acier 2100 992
657 verre 200 1556
658 chene 400 306
659 plastique 500 315
660 acier 3300 354
661 pin 4100 327
662 chene 1300 345
663 acier 800 1227
664 verre 1600 240
665 acier 1900 382
666 plastique 1200 379
667 plastique 3800 1021
668 plastique 300 298
669 chene 100 314
670 verre 400 318
671 carton 500 1472
672 carton 500 1850
673 chene 900 1728
674 plastique 900 1786
675 acier 2300 1784
676 acier 300 2058
677 pin 1100 1615
678 plastique 500 575
679 plastique 800 359
680 verre 200 300
681 plastique 100 294
682 chene 3300 727
683 carton 2100 739
684 chene 1200 254
685 pin 1100 218
686 chene 2800 284
687 carton 300 2090
688 plastique 2800 949
689 acier 3600 1000
690 pin 1300 977
691 chene 3400 969
692 carton 3000 1773
693 acier 2000 1752
694 acier 4100 1804
695 plastique 2100 1171
696 carton 2700 1191
697 acier 1300 1129
698 chene 600 1104
699 pin 1800 1262
700 acier 100 2033
701 verre 400 2006
702 acier 500 2001
703 chene 2400 353
704 acier 900 763
705 pin 800 777
706 acier 600 2036
707 carton 600 2042
708 verre 800 330
709 acier 2500 892
710 pin 4000 1706
711 pin 3400 1211
712 chene 100 934
713 carton 1600 1642
714 acier 1200 1630
715 pin 2800 1061
716 verre 2600 1044
717 chene 2800 1051
718 carton 1700 1495
719 carton 1700 1513
720 acier 2900 912
721 pin 600 389
722 chene 800 1912
723 carton 3800 1928
724 chene 400 1912
725 verre 200 2034
726 verre 100 601
727 pin 300 1060
728 verre 400 1082
729 verre 2800 223
730 pin 3800 222
731 pin 500 80
732 carton 600 112
733 chene 400 1302
734 acier 600 1444
735 plastique 100 1444
736 verre 1800 537
737 carton 1500 529
738 chene 3500 994
739 carton 400 347
740 pin 1000 1750
741 plastique 300 1894
742 pin 1800 26
743 carton 300 26
744 verre 200 109
745 acier 200 67
746 pin 500 132
747 chene 400 133
748 chene 2500 635
749 carton 2300 596
750 verre 2800 1597
751 chene 2900 1630
752 verre 900 1897
753 carton 1700 1329
754 plastique 1100 1347
755 carton 3200 1636
756 pin 100 382
757 verre 200 388
758 carton 100 720
759 carton 2400 950
760 plastique 300 901
761 acier 1100 943
762 verre 200 957
763 verre 800 955
764 chene 1100 1504
765 carton 900 2022
766 carton 300 2043
767 chene 500 223
768 plastique 2100 700
769 chene 1700 404
770 chene 700 407
771 acier 600 429
772 verre 600 1115
773 carton 3200 2010
774 verre 200 2035
775 plastique 600 1416
776 pin 1500 2026
777 chene 2900 583
778 pin 1000 999
779 plastique 1600 1939
780 verre 900 1926
781 verre 100 1650
782 verre 3100 1451
783 verre 700 1418
784 carton 200 1238
785 carton 1700 1681
786 chene 100 130
787 chene 100 139
788 acier 1200 1597
789 carton 300 1636
790 plastique 2100 1594
791 carton 3100 275
792 chene 2300 265
793 carton 1400 435
794 pin 500 1413
795 verre 1500 2078
796 pin 2700 2121
797 verre 1200 1648
798 acier 1600 2070
799 carton 1700 855
800 verre 3100 151
801 chene 1200 1456
802 chene 3200 1717
803 verre 2700 1695
804 carton 300 747
805 chene 2600 1920
806 verre 1200 1924
807 carton 1900 645
808 plastique 1100 684
809 verre 1600 1863
810 plastique 600 1865
811 verre 1200 1000
812 chene 500 997
813 acier 200 1397
814 verre 500 1424
815 chene 100 654
816 carton 500 314
817 chene 1800 325
818 carton 900 317
819 verre 1400 780
820 pin 200 399
821 plastique 4700 1079
822 pin 1300 534
823 chene 300 819
824 chene 700 828
825 plastique 3200 457
826 plastique 200 382
827 chene 3200 1416
828 plastique 1300 1619
829 plastique 1800 1314
830 acier 600 1302
831 plastique 1700 281
832 plastique 1900 1316
833 acier 1000 1772
834 pin 300 1030
835 verre 100 1042
836 verre 600 1036
837 pin 2300 938
838 carton 2300 1856
839 chene 1000 1712
840 pin 1500 1688
841 pin 1500 1713
842 pin 1800 1995
843 plastique 2600 365
844 plastique 3600 36
845 plastique 200 2067
846 carton 800 2083
847 plastique 500 2055
848 chene 1300 1098
849 acier 2000 1019
850 pin 1000 1035
851 acier 200 1283
852 acier 400 1292
853 carton 100 1310
854 chene 600 259
855 chene 1500 286
856 pin 300 1186
857 acier 600 497
858 plastique 300 664
859 chene 700 677
860 acier 600 653
861 verre 1800 620
862 verre 500 554
863 pin 400 1894
864 acier 2800 673
865 plastique 1600 623
866 carton 700 811
867 chene 300 116
868 chene 100 1305
869 acier 1700 2056
870 carton 1600 2033
871 pin 2100 1325
872 acier 200 1377
873 verre 100 1409
874 acier 100 1415
875 verre 100 352
876 verre 2600 1194
877 chene 1400 1234
878 plastique 500 1216
879 carton 700 1204
880 acier 1300 235
881 acier 400 252
882 plastique 1400 1457
883 carton 1600 1439
884 chene 700 1899
885 plastique 200 1864
886 carton 800 1861
887 chene 700 1541
888 pin 1700 1632
889 verre 1700 1660
890 carton 3100 345
891 plastique 800 1073
892 carton 2000 2103
893 carton 1500 1634
894 carton 1100 269
895 verre 200 328
896 chene 3700 936
897 pin 1500 939
898 verre 700 2052
899 chene 200 1912
900 carton 1400 271
901 plastique 3500 294
902 pin 300 1955
903 acier 400 891
904 acier 800 2078
905 acier 2900 2091
906 pin 500 2055
907 pin 1500 2113
908 plastique 2600 429
909 pin 3300 426
910 carton 4000 475
911 chene 1100 339
912 verre 1600 898
913 pin 600 929
914 chene 1600 920
915 chene 700 196
916 chene 300 1743
917 pin 900 1062
918 acier 2000 1129
919 verre 300 1157
920 carton 700 1513
921 pin 900 1553
922 plastique 2600 1514
923 pin 800 1241
924 chene 2000 1506
925 chene 400 1173
926 carton 500 1849
927 plastique 1600 945
928 acier 1700 785
929 acier 1100 777
930 acier 300 162
931 pin 1200 171
932 pin 200 147
933 pin 2400 711
934 plastique 400 1916
935 pin 1500 1086
936 carton 700 1449
937 acier 900 1414
938 plastique 1200 1389
939 plastique 1500 1382
940 carton 100 1985
941 verre 200 1957
942 acier 4000 1900
943 verre 600 1884
944 acier 900 1130
945 verre 2200 1131
946 pin 400 1111
947 verre 200 2056
948 chene 100 487
949 chene 100 465
950 chene 2100 563
951 chene 100 797
952 pin 1900 328
953 plastique 1500 371
954 chene 3000 341
955 verre 3400 1446
956 chene 500 1482
957 chene 1100 857
958 plastique 500 797
959 acier 300 801
960 pin 1700 1503
961 verre 1000 38
962 verre 1400 47
963 acier 1600 2020
964 acier 1400 1127
965 plastique 1800 2065
966 carton 200 1031
967 pin 100 1053
968 carton 600 1656
969 verre 700 1074
970 acier 1000 1095
971 chene 1600 2039
972 verre 100 1631
973 chene 700 1743
974 pin 1000 1610
975 acier 400 616
976 carton 2400 1903
977 carton 3600 1927
978 chene 100 1649
979 plastique 100 1649
980 chene 1300 212
981 plastique 1300 783
982 acier 1100 743
983 chene 1000 735
984 carton 800 742
985 pin 500 1801
986 pin 700 1771
987 carton 200 1798
988 chene 1200 1086
989 plastique 900 1081
990 plastique 1700 1152
991 verre 3300 1190
992 plastique 900 1446
993 chene 3700 1416
994 chene 1800 1443
995 pin 1500 1440
996 acier 1300 1415
997 carton 2600 1209
998 acier 400 1027
999 carton 4300 1032
1000 carton 1600 1053
1001 acier 500 1895
1002 plastique 1500 593
1003 verre 1100 601
1004 pin 1000 565
1005 verre 600 323
1006 carton 600 1319
1007 chene 1000 1565
1008 pin 600 2084
1009 verre 800 1668
1010 pin 2000 172
1011 pin 1500 211
1012 acier 4500 2081
1013 plastique 2100 2096
1014 chene 1900 2080
1015 acier 2700 123
1016 chene 500 285
1017 verre 1000 71
1018 carton 500 43
1019 plastique 300 57
1020 plastique 1600 1375
1021 acier 800 1349
1022 pin 700 1000
1023 chene 1800 72
1024 plastique 400 67
1025 plastique 500 654
1026 pin 2600 527
1027 verre 2100 515
1028 acier 300 1141
1029 carton 100 1261
1030 chene 1200 1517
1031 plastique 200 1547
1032 pin 1000 1561
1033 acier 200 1776
1034 verre 500 1771
1035 pin 100 1791
1036 plastique 300 1061
1037 acier 2400 999
1038 carton 800 1938
1039 verre 600 1978
1040 chene 4200 1878
1041 chene 1000 1872
1042 chene 1900 1563
1043 plastique 500 2084
1044 carton 300 443
1045 verre 500 776
1046 verre 900 770
1047 pin 700 784
1048 plastique 2500 260
1049 carton 1300 1755
1050 plastique 600 1728
1051 acier 1400 1701
1052 carton 4100 1976
1053 acier 800 57
1054 acier 2100 525
1055 carton 3600 521
1056 carton 100 1318
1057 acier 2000 1224
1058 plastique 300 582
1059 plastique 1600 475
1060 acier 500 871
1061 plastique 1100 914
1062 plastique 2900 306
1063 carton 800 1165
1064 verre 2600 563
1065 carton 1800 581
1066 verre 900 139
1067 pin 1100 165
1068 chene 2400 188
1069 pin 200 578
1070 chene 900 1689
1071 verre 1200 1701
1072 chene 500 1578
1073 plastique 1100 1759
1074 chene 500 271
1075 chene 2900 332
1076 plastique 600 2072
1077 chene 300 596
1078 pin 500 752
1079 verre 200 1639
1080 chene 1700 1880
1081 chene 1300 1116
1082 verre 600 66
1083 chene 2800 90
1084 verre 3900 2127
1085 plastique 1200 2093
1086 plastique 3400 1980
1087 verre 3600 1947
1088 pin 3100 1964
1089 verre 1700 2033
1090 chene 1300 1498
1091 pin 3600 1487
1092 verre 3200 1500
1093 carton 2000 1654
1094 plastique 2100 1137
1095 verre 800 1856
1096 chene 900 556
1097 chene 300 565
1098 plastique 3000 1277
1099 verre 1100 842
1100 acier 1900 640
1101 verre 4000 655
1102 chene 3000 643
1103 acier 100 1579
1104 plastique 600 1610
1105 carton 600 1576
1106 pin 2500 166
1107 plastique 600 165
1108 carton 2100 184
1109 verre 1200 909
1110 acier 1800 903
1111 pin 1100 2049
1112 chene 1700 1549
1113 pin 1600 442
1114 pin 1000 303
1115 pin 800 719
1116 acier 1300 709
1117 carton 2700 1588
1118 carton 700 387
1119 verre 1300 822
1120 carton 1200 839
1121 verre 1400 1859
1122 chene 700 1879
1123 chene 500 347
1124 carton 3400 96
1125 acier 3200 1940
1126 plastique 800 1225
1127 acier 4800 1227
1128 carton 2500 1253
1129 plastique 1000 1495
1130 acier 2300 1517
1131 plastique 100 153
1132 plastique 700 1765
1133 chene 600 1956
1134 pin 1600 1637
1135 acier 1900 1637
1136 chene 600 219
1137 plastique 800 1993
1138 plastique 500 2007
1139 chene 2500 109
1140 acier 1300 66
1141 acier 600 93
1142 acier 3900 1480
1143 verre 3700 1725
1144 acier 1000 1709
1145 pin 1200 1728
1146 acier 2000 320
1147 carton 3100 325
1148 plastique 2600 363
1149 carton 1300 973
1150 pin 700 954
1151 acier 400 999
1152 verre 2800 634
1153 chene 2400 1648
1154 pin 1100 1924
1155 acier 3700 495
1156 carton 700 431
1157 pin 2000 457
1158 acier 600 2091
1159 chene 600 193
1160 verre 200 1250
1161 chene 300 1262
1162 plastique 900 69
1163 acier 1100 63
1164 verre 2000 1219
1165 verre 2400 1196
1166 chene 300 711
1167 acier 300 688
1168 verre 1500 1244
1169 verre 1500 1239
1170 plastique 700 700
1171 chene 4500 718
1172 chene 1500 179
1173 plastique 100 948
1174 carton 700 2126
1175 acier 200 1173
1176 plastique 200 736
1177 verre 3800 1597
1178 verre 2600 1636
1179 verre 400 1578
1180 plastique 1300 1615
1181 pin 1200 410
1182 chene 300 374
1183 plastique 4300 1896
1184 carton 1300 1904
1185 pin 3100 1931
1186 carton 1600 1257
1187 pin 1000 1242
1188 acier 1000 1254
1189 acier 1500 1969
1190 verre 500 410
1191 chene 800 1495
1192 verre 500 1462
1193 pin 200 1460
1194 plastique 600 1380
1195 chene 1900 804
1196 carton 1700 1149
1197 carton 2600 1538
1198 verre 3200 1531
1199 carton 1200 1120
1200 acier 1800 1117
1201 verre 2000 1138
1202 pin 2900 81
1203 acier 200 87
1204 pin 1900 2038
1205 chene 2000 1628
1206 pin 1200 919
1207 verre 1200 913
1208 chene 100 1646
1209 verre 1300 380
1210 pin 100 2068
1211 verre 300 482
1212 carton 1300 1942
1213 pin 2300 247
1214 verre 200 74
1215 pin 100 62
1216 carton 200 94
1217 plastique 1100 1423
1218 acier 700 1414
1219 chene 1100 67
1220 verre 500 625
1221 carton 400 1365
1222 verre 200 1132
1223 chene 300 1403
1224 acier 500 1393
1225 carton 200 160
1226 chene 500 884
1227 plastique 600 1560
1228 acier 100 227
1229 plastique 500 725
1230 plastique 200 81
1231 carton 200 85
1232 verre 500 63
1233 plastique 1300 1477
1234 verre 1300 1521
1235 carton 1300 411
1236 carton 1700 1487
1237 carton 700 1167
1238 carton 3800 1942
1239 plastique 2600 1966
1240 carton 200 907
1241 chene 1700 804
1242 pin 400 813
1243 chene 500 814
1244 acier 3400 953
1245 verre 400 978
1246 pin 1300 79
1247 chene 800 1322
1248 chene 400 1770
1249 acier 300 882
1250 carton 1300 107
1251 verre 200 1506
1252 carton 900 1752
1253 plastique 1200 757
1254 carton 800 749
1255 verre 400 746
1256 plastique 800 645
1257 pin 1800 387
1258 pin 200 1870
1259 carton 400 1850
1260 chene 500 1044
1261 pin 3000 1301
1262 carton 2800 1321
1263 chene 4200 1321
1264 chene 1500 955
1265 chene 400 190
1266 pin 400 168
1267 plastique 600 1846
1268 chene 200 1749
1269 verre 900 428
1270 verre 3700 1319
1271 carton 2300 621
1272 pin 900 1553
1273 plastique 1800 1575
1274 pin 4200 658
1275 acier 800 1515
1276 pin 800 1414
1277 verre 1700 215
1278 plastique 100 62
1279 carton 200 2072
1280 verre 500 1137
1281 plastique 1900 1143
1282 verre 2600 1145
1283 chene 800 1480
1284 carton 700 1476
1285 chene 500 1464
1286 plastique 700 1286
1287 verre 500 1469
1288 chene 2900 942
1289 acier 500 973
1290 plastique 1400 961
1291 chene 100 1264
1292 carton 100 1272
1293 acier 1200 106
1294 carton 3400 100
1295 chene 400 1873
1296 chene 3000 348
1297 verre 4000 313
1298 acier 1700 321
1299 plastique 900 333
1300 acier 600 299
1301 carton 1900 288
1302 carton 1100 1476
1303 verre 500 1467
1304 acier 1500 1478
1305 pin 3300 1451
1306 carton 2500 1425
1307 pin 3000 1442
1308 acier 100 1980
1309 pin 1300 304
1310 plastique 500 321
1311 acier 1800 337
1312 chene 1000 1580
1313 pin 1500 1580
1314 pin 3400 98
1315 verre 2600 125
1316 pin 1400 123
1317 carton 900 1275
1318 plastique 600 1309
1319 verre 2700 1328
1320 plastique 400 1303
1321 pin 3400 1336
1322 plastique 100 1796
1323 verre 700 1639
1324 pin 3400 1130
1325 acier 800 371
1326 acier 500 1248
1327 acier 2000 1242
1328 chene 900 2045
1329 acier 800 2065
1330 carton 2800 841
1331 acier 1200 836
1332 chene 3300 816
1333 verre 500 1115
1334 pin 500 1083
1335 acier 100 441
1336 carton 2500 98
1337 pin 900 84
1338 verre 700 271
1339 carton 300 280
1340 pin 200 2022
1341 pin 100 1990
1342 plastique 600 2077
1343 pin 1400 1419
1344 acier 3600 1407
1345 chene 200 1846
1346 plastique 100 1809
1347 chene 1500 1299
1348 acier 2800 1589
1349 carton 1400 1856
1350 plastique 1400 219
1351 chene 1400 134
1352 plastique 1400 885
1353 chene 500 585
1354 acier 2100 207
1355 chene 500 2031
1356 carton 1200 2026
1357 carton 300 429
1358 pin 300 456
1359 pin 200 1318
1360 chene 600 1107
1361 carton 1700 1115
1362 pin 1600 445
1363 plastique 1100 1017
1364 chene 800 1002
1365 carton 1000 1033
1366 chene 1700 324
1367 pin 1100 1903
1368 carton 2300 1894
1369 carton 2900 1879
1370 pin 1600 1684
1371 pin 3800 1700
1372 carton 2900 1694
1373 verre 1200 1148
1374 verre 200 1185
1375 carton 1700 1386
1376 plastique 2100 1399
1377 plastique 700 1710
1378 chene 1000 1573
1379 plastique 500 1535
1380 verre 700 529
1381 plastique 500 519
1382 plastique 300 514
1383 acier 3900 511
1384 plastique 200 757
1385 verre 300 747
1386 acier 700 1863
1387 plastique 1000 1826
1388 plastique 900 1829
1389 plastique 700 1114
1390 carton 400 1887
1391 acier 4100 934
1392 acier 1000 909
1393 chene 200 650
1394 pin 300 625
1395 verre 700 925
1396 verre 500 895
1397 carton 3900 1777
1398 plastique 600 1227
1399 chene 300 1261
1400 chene 300 1243
1401 plastique 2200 1454
1402 verre 2400 1465
1403 chene 3400 1707
1404 plastique 3700 1720
1405 acier 1100 1718
1406 verre 1800 2059
1407 verre 600 2071
1408 carton 800 1952
1409 verre 800 1923
1410 chene 500 1915
1411 pin 3500 1988
1412 acier 400 1969
1413 acier 700 1999
1414 chene 3200 672
1415 chene 2600 662
1416 verre 700 344
1417 carton 1500 250
1418 chene 1000 259
1419 verre 300 600
1420 pin 200 1412
1421 verre 400 1359
1422 verre 1200 450
1423 acier 2300 1266
1424 plastique 4200 973
1425 carton 1700 968
1426 pin 2900 1017
1427 plastique 400 570
1428 carton 700 550
1429 acier 300 555
1430 carton 400 527
1431 acier 1000 543
1432 chene 800 558
1433 carton 700 579
1434 verre 1500 563
1435 verre 1300 1009
1436 plastique 2500 1057
1437 verre 1400 1712
1438 verre 3700 1208
1439 carton 400 1600
1440 acier 3700 933
1441 carton 1400 1403
1442 verre 2200 491
1443 chene 1300 509
1444 carton 400 1953
1445 pin 900 1101
1446 plastique 100 1119
1447 pin 1100 1095
1448 pin 4600 404
1449 acier 3900 392
1450 acier 2700 195
1451 carton 200 383
1452 plastique 1600 1935
1453 chene 2000 1367
1454 plastique 2800 1218
1455 plastique 500 1201
1456 chene 2600 1220
1457 plastique 200 1166
1458 acier 2500 222
1459 pin 1300 1099
1460 verre 3100 1458
1461 pin 600 1426
1462 plastique 400 2058
1463 carton 4200 819
1464 acier 1700 833
1465 chene 1200 811
1466 carton 2500 1385
1467 verre 2500 1807
1468 pin 2400 1619
1469 acier 1600 1889
1470 acier 300 1865
1471 verre 1100 1536
1472 plastique 1700 782
1473 verre 300 750
1474 pin 2800 582
1475 pin 2300 890
1476 verre 2600 1234
1477 pin 2100 1240
1478 chene 1000 533
1479 verre 200 193
1480 verre 300 174
1481 chene 700 241
1482 verre 1000 311
1483 verre 2500 1556
1484 plastique 3200 1560
1485 chene 3900 1549
1486 verre 2100 923
1487 carton 700 904
1488 chene 200 1243
1489 pin 1100 259
1490 acier 2300 255
1491 chene 400 761
1492 chene 800 1923
1493 plastique 2000 1944
1494 acier 1600 1906
1495 pin 3700 165
1496 plastique 2000 150
1497 plastique 1700 1706
1498 verre 3000 1703
1499 carton 1000 986
1500 verre 1100 959
1501 plastique 400 153
1502 plastique 1200 134
1503 pin 500 362
1504 verre 1000 1105
1505 pin 3400 997
1506 carton 800 1042
1507 chene 600 1154
1508 pin 1400 69
1509 carton 4100 1531
1510 pin 700 778
1511 acier 800 1208
1512 pin 900 1167