0 plastique 1400 28
1 chene 800 186
2 carton 1100 217
3 carton 3400 127
4 acier 100 131
5 chene 500 209
6 plastique 1100 178
7 acier 1100 167
8 pin 300 99
9 pin 400 99
10 carton 800 95
11 carton 400 111
12 carton 600 194
13 plastique 600 84
14 acier 2200 136
15 verre 600 182
16 verre 2100 136
17 plastique 900 171
18 pin 2600 162
19 carton 800 194
20 verre 600 62
21 acier 2200 119
22 acier 2300 122
23 verre 1500 152
24 chene 600 141
25 verre 600 193
26 verre 100 174
27 acier 2500 93
28 plastique 200 74
29 plastique 500 120
30 acier 2600 123
31 acier 3100 148
32 plastique 600 215
33 pin 900 171
34 pin 300 156
35 verre 400 176
36 plastique 2200 161
37 pin 1100 68
38 carton 1200 26
39 carton 1200 81
40 acier 2900 159
41 verre 500 228
42 acier 2800 225
43 verre 2100 212
44 carton 500 102
45 carton 400 131
46 pin 1500 28
47 pin 1300 190
48 carton 2200 149
49 chene 2800 173
50 verre 1800 36
51 acier 2500 186
52 chene 1000 74
53 acier 1800 229
54 acier 3500 209
55 pin 1400 199
56 pin 700 177
57 acier 400 106
58 chene 600 132
59 pin 2300 196
60 pin 300 190
61 pin 300 162
62 pin 1700 215
63 plastique 200 24
64 chene 300 59
65 acier 200 57
66 verre 1200 75
67 plastique 1500 70
68 pin 500 30
69 carton 700 158
70 acier 1000 154
71 carton 2500 146
72 pin 1100 168
73 chene 1300 174
74 acier 900 104
75 pin 600 20
76 acier 1600 24
77 verre 500 57
78 carton 100 203
79 verre 2300 174
80 chene 2100 177
81 verre 1600 51
82 carton 2200 214
83 verre 500 97
84 acier 100 121
85 acier 2400 151
86 pin 2200 130
87 verre 1000 137
88 pin 700 103
89 plastique 700 130
90 pin 600 110
91 chene 500 97
92 chene 2800 105
93 chene 2300 89
94 acier 600 149
95 plastique 500 169
96 plastique 1500 166
97 plastique 600 44
98 acier 1300 61
99 verre 1500 42
100 verre 1000 73
101 verre 100 179
102 plastique 1400 142
103 pin 1400 161
104 chene 900 168
105 plastique 1700 74
106 acier 1100 32
107 plastique 700 31
108 carton 2200 136
109 carton 2200 150
110 carton 1400 73
111 carton 400 51
112 plastique 500 68
113 acier 800 62
114 plastique 300 120
115 pin 2900 127
116 carton 2100 158
117 pin 700 206
118 pin 1500 115
119 acier 300 101
120 chene 3900 156
121 chene 1800 156
122 carton 1000 164
123 acier 2200 69
124 plastique 1500 60
125 pin 600 25
126 verre 2400 64
127 verre 400 101
128 verre 300 74
129 acier 100 199
130 verre 1000 66
131 plastique 2800 18
132 plastique 1300 246
133 verre 2400 81
134 chene 2500 130
135 acier 3400 175
136 chene 2200 74
137 plastique 3100 84
138 pin 600 70
139 carton 800 93
140 plastique 1800 200
141 verre 700 219
142 verre 500 167
143 acier 1800 212
144 plastique 300 201
145 pin 200 125
146 verre 3300 44
147 pin 1600 141
148 acier 700 71
149 acier 900 96
150 plastique 2800 97